50,34,0
50,42,68
50,34,34
50,25,68
50,34,106
50,25,68
50,34,106
50,34,68
50,34,68
50,25,68
50,34,106
50,25,68
50,34,106
50,34,68
50,34,68
50,34,68
50,25,68
50,34,106
50,34,68
50,25,68
50,34,106
50,25,68
50,34,106
50,42,68
50,25,34
50,25,106
50,34,106
50,34,68
50,25,68
50,34,106
50,34,68
50,34,68
50,25,68
50,34,106
50,25,68
50,34,106
50,34,68
50,34,68
50,25,68
50,34,106
50,25,68
50,34,106
50,25,68
50,34,106
50,34,68
50,25,68
50,34,106
50,34,68
50,25,68
50,34,106
50,25,68
50,34,106
50,34,68
50,34,68
50,25,68
50,34,106
50,34,68
50,25,68
50,34,106
50,25,68
50,34,106
50,25,68
50,34,106
50,25,68
50,34,106
50,25,68
50,34,106
50,34,68
50,25,68
50,25,106
50,34,106
50,34,68
50,25,68
50,34,106
50,34,68
50,25,68
50,34,106
50,25,68
50,34,106
50,34,68
50,34,68
50,25,68
50,34,106
50,34,68
50,25,68
50,25,106
50,34,106
50,34,68
50,25,68
50,34,106
50,25,68
50,34,106
50,34,68
50,25,68
50,25,106
50,34,106
50,34,68
50,34,68
50,25,68
50,34,106
50,25,68
50,34,106
50,34,68
50,25,68
50,34,106
50,34,68
50,25,68
50,34,106
50,25,68
50,34,106
50,34,68
50,34,68
50,25,68
50,34,106
50,34,68
50,25,68
50,34,106
50,25,68
50,34,106
50,25,68
50,34,106
50,34,68
50,25,68
50,34,106
50,34,68
50,25,68
50,34,106
50,25,68
50,34,106
50,34,68
50,34,68
50,25,68
50,34,106
50,25,68
50,34,106
50,34,68
50,34,68
50,25,68
50,34,106
50,34,68
50,34,68
50,25,68
50,34,106
50,34,68
50,25,68
50,34,106
50,25,68
50,34,106
50,25,68
50,34,106
50,34,68
50,34,68
50,25,68
50,34,106
50,34,68
50,34,68
50,25,68
50,34,106
50,25,68
50,34,106
50,34,68
50,34,68
50,25,68
50,34,106
50,25,68
50,34,106
50,34,68
50,34,68
50,25,68
50,34,106
50,34,68
50,25,68
50,34,106
50,25,68
50,34,106
50,34,68
50,34,68
50,25,68
50,34,106
50,34,68
50,34,68
50,25,68
50,34,106
50,34,68
50,34,68
50,25,68
50,34,106
50,34,68
50,25,68
50,34,106
50,34,68
50,25,68
50,34,106
50,34,68
50,25,68
50,34,106
50,34,68
50,25,68
50,34,106
50,34,68
50,25,68
50,34,106
50,34,68
50,25,68
50,25,106
50,42,106
50,25,34
50,34,106
50,25,68
50,34,106
50,34,68
50,25,68
50,34,106
50,34,68
50,25,68
50,34,106
50,25,68
50,34,106
50,34,68
50,25,68
50,34,106
50,34,68
50,34,68
50,25,68
50,34,106
50,34,68
50,25,68
50,34,106
50,34,68
50,25,68
50,34,106
50,34,68
50,25,68
50,25,106
50,42,106
50,25,34
50,34,106
50,34,68
50,25,68
50,34,106
50,25,68
50,34,106
50,34,68
50,25,68
50,34,106
50,25,68
50,42,106
50,34,34
50,25,68
50,34,106
50,34,68
50,34,68
50,25,68
50,34,106
50,34,68
50,25,68
50,34,106
50,34,68
50,25,68
50,34,106
50,34,68
50,34,68
50,25,68
50,34,106
50,25,68
50,34,106
50,25,68
50,34,106
50,25,68
50,34,106
50,34,68
50,25,68
50,25,106
50,34,106
50,34,68
50,25,68
50,34,106
50,34,68
50,25,68
50,34,106
50,34,68
50,25,68
50,34,106
50,34,68
50,25,68
50,25,106
50,42,106
50,25,34
50,25,106
50,34,106
50,34,68
50,25,68
50,42,106
50,25,34
50,34,106
50,34,68
50,25,68
50,25,106
50,34,106
50,34,68
50,34,68
50,25,68
50,34,106
50,25,68
50,34,106
50,34,68
50,34,68
50,25,68
50,34,106
50,34,68
50,25,68
50,34,106
50,34,68
50,34,68
50,25,68
50,25,106
50,34,106
50,34,68
50,25,68
50,34,106
50,25,68
50,34,106
50,34,68
50,34,68
50,25,68
50,34,106
50,25,68
50,34,106
50,25,68
50,34,106
50,34,68
50,34,68
50,25,68
50,34,106
50,34,68
50,34,68
50,25,68
50,25,106
50,42,106
50,25,34
50,34,106
50,34,68
50,34,68
50,25,68
50,34,106
50,34,68
50,25,68
50,34,106
50,25,68
50,34,106
50,34,68
50,25,68
50,34,106
50,25,68
50,34,106
50,34,68
50,34,68
50,25,68
50,34,106
50,34,68
50,25,68
50,25,106
50,34,106
50,34,68
50,25,68
50,34,106
50,25,68
50,34,106
50,34,68
50,34,68
50,25,68
50,34,106
50,34,68
50,25,68
50,34,106
50,34,68
50,25,68
50,34,106
50,25,68
50,34,106
50,25,68
50,42,106
50,25,34
50,25,106
50,34,106
50,25,68
50,34,106
50,34,68
50,25,68
50,34,106
50,25,68
50,34,106
50,34,68
50,25,68
50,34,106
50,34,68
50,34,68
50,25,68
50,34,106
50,34,68
50,25,68
50,34,106
50,34,68
50,25,68
50,34,106
50,34,68
50,34,68
50,25,68
50,34,106
50,25,68
50,34,106
50,25,68
50,34,106
50,34,68
50,34,68
50,25,68
50,34,106
50,25,68
50,34,106
50,25,68
50,34,106
50,34,68
50,25,68
50,34,106
50,34,68
50,34,68
50,25,68
50,34,106
50,34,68
50,25,68
50,34,106
50,25,68
50,34,106
50,34,68
50,34,68
50,25,68
50,25,106
50,34,106
50,34,68
50,25,68
50,25,106
50,34,106
50,25,68
50,34,106
50,34,68
50,34,68
50,25,68
50,25,106
50,34,106
50,34,68
50,34,68
50,34,68
50,25,68
50,34,106
90,34,68
90,60,238
90,60,127
90,51,127
90,60,165
90,51,127
90,60,165
90,51,127
90,60,165
90,51,127
90,51,165
90,51,165
90,68,165
90,51,93
90,60,165
90,51,127
90,60,165
90,51,127
90,60,165
90,51,127
90,60,165
90,60,127
90,51,127
90,51,165
90,68,165
90,51,93
90,51,165
90,68,165
90,51,93
90,60,165
90,60,127
90,51,127
90,60,165
90,60,127
90,51,127
90,60,165
90,60,127
90,51,127
90,60,165
90,60,127
90,42,127
90,68,204
90,51,93
90,60,165
90,51,127
90,60,165
90,51,127
90,60,165
90,60,127
90,51,127
90,51,165
90,60,165
90,51,127
90,60,165
90,60,127
90,51,127
90,60,165
90,60,127
90,60,127
90,51,127
90,60,165
90,60,127
90,51,127
90,60,165
90,51,127
90,60,165
90,60,127
90,51,127
90,60,165
90,51,127
90,60,165
90,51,127
90,60,165
90,60,127
90,60,127
90,42,127
90,60,204
90,60,127
90,51,127
90,51,165
90,60,165
90,60,127
90,51,127
90,60,165
90,51,127
90,60,165
90,51,127
90,60,165
90,60,127
90,51,127
90,60,165
90,51,127
90,60,165
90,60,127
90,51,127
90,60,165
90,60,127
90,51,127
90,51,165
90,60,165
90,51,127
90,60,165
90,51,127
90,51,165
90,60,165
90,60,127
90,51,127
90,68,165
90,42,93
90,68,204
90,51,93
90,60,165
90,60,127
90,51,127
90,51,165
90,68,165
90,51,93
90,51,165
90,60,165
90,60,127
90,51,127
90,60,165
90,60,127
90,60,127
90,51,127
90,60,165
90,60,127
90,51,127
90,60,165
90,51,127
90,60,165
90,51,127
90,60,165
90,51,127
90,51,165
90,60,165
90,60,127
90,51,127
90,60,165
90,51,127
90,60,165
90,60,127
90,51,127
90,60,165
90,51,127
90,60,165
90,60,127
90,51,127
90,60,165
90,60,127
90,51,127
90,60,165
90,60,127
90,51,127
90,60,165
90,51,127
90,60,165
90,60,127
90,42,127
90,68,204
90,51,93
90,60,165
90,51,127
90,60,165
90,51,127
90,60,165
90,60,127
90,51,127
90,60,165
90,51,127
90,60,165
90,60,127
90,51,127
90,60,165
90,60,127
90,60,127
90,51,127
90,60,165
90,60,127
90,51,127
90,60,165
90,60,127
90,51,127
90,68,165
90,51,93
90,51,165
90,60,165
90,51,127
90,60,165
90,51,127
90,60,165
90,60,127
90,60,127
90,51,127
90,60,165
90,42,127
90,68,204
90,51,93
90,60,165
90,51,127
90,51,165
90,60,165
90,60,127
90,60,127
90,51,127
90,60,165
90,51,127
90,60,165
90,51,127
90,60,165
90,51,127
90,60,165
90,60,127
90,51,127
90,51,165
90,60,165
90,51,127
90,68,165
90,51,93
90,60,165
90,60,127
90,60,127
90,51,127
90,60,165
90,51,127
90,60,165
90,51,127
90,60,165
90,51,127
90,60,165
90,60,127
90,51,127
90,60,165
90,60,127
90,51,127
90,60,165
90,51,127
90,60,165
90,60,127