50,42,0
50,42,51
50,25,51
50,42,159
50,34,51
50,34,102
50,42,102
50,34,51
50,34,102
50,34,102
50,42,102
50,25,51
50,51,159
50,25,1
50,42,159
50,34,51
50,34,102
50,34,102
50,42,102
50,25,51
50,42,159
50,34,51
50,42,102
50,34,51
50,34,102
50,34,102
50,42,102
50,34,51
50,34,102
50,34,102
50,34,102
50,42,102
50,34,51
50,34,102
50,34,102
50,42,102
50,34,51
50,34,102
50,34,102
50,42,102
50,34,51
50,34,102
50,34,102
50,42,102
50,34,51
50,34,102
50,34,102
50,34,102
50,42,102
50,42,51
50,25,51
50,42,159
50,34,51
50,42,102
50,34,51
50,34,102
50,34,102
50,34,102
50,42,102
50,34,51
50,34,102
50,34,102
50,42,102
50,34,51
50,34,102
50,42,102
50,34,51
50,34,102
50,42,102
50,25,51
50,42,159
50,34,51
50,34,102
50,42,102
50,34,51
50,34,102
50,42,102
50,25,51
50,42,159
50,42,51
50,34,51
50,25,102
50,42,159
50,42,51
50,34,51
50,34,102
50,42,102
50,25,51
50,34,159
50,42,102
50,34,51
50,34,102
50,34,102
50,34,102
50,42,102
50,34,51
50,34,102
50,42,102
50,34,51
50,34,102
50,42,102
50,34,51
50,34,102
50,42,102
50,34,51
50,34,102
50,34,102
50,34,102
50,34,102
50,42,102
50,34,51
50,34,102
50,42,102
50,34,51
50,34,102
50,34,102
50,34,102
50,34,102
50,42,102
50,34,51
50,34,102
50,34,102
50,34,102
50,34,102
50,42,102
50,34,51
50,42,102
50,25,51
50,42,159
50,34,51
50,34,102
50,42,102
50,34,51
50,34,102
50,42,102
50,34,51
50,34,102
50,34,102
50,42,102
50,34,51
50,34,102
50,42,102
50,25,51
50,42,159
50,34,51
50,34,102
50,42,102
50,34,51
50,34,102
50,42,102
50,25,51
50,42,159
50,34,51
50,34,102
50,42,102
50,25,51
50,42,159
50,34,51
50,25,102
50,51,159
50,25,1
50,34,159
50,42,102
50,25,51
50,42,159
50,42,51
50,25,51
50,42,159
50,34,51
50,34,102
50,34,102
50,42,102
50,34,51
50,34,102
50,42,102
50,25,51
50,42,159
50,34,51
50,34,102
50,34,102
50,42,102
50,34,51
50,34,102
50,34,102
50,42,102
50,34,51
50,34,102
50,42,102
50,25,51
50,42,159
50,34,51
50,34,102
50,42,102
50,34,51
50,34,102
50,42,102
50,34,51
50,34,102
50,42,102
50,25,51
50,42,159
50,34,51
50,34,102
50,34,102
50,34,102
50,42,102
50,34,51
50,34,102
50,34,102
50,42,102
50,25,51
50,42,159
50,34,51
50,34,102
50,34,102
50,42,102
50,34,51
50,34,102
50,34,102
50,34,102
50,34,102
50,42,102
50,34,51
50,34,102
50,34,102
50,34,102
50,34,102
50,42,102
50,34,51
50,34,102
50,34,102
50,34,102
50,42,102
50,25,51
50,42,159
50,34,51
50,42,102
50,25,51
50,42,159
50,34,51
50,34,102
50,42,102
50,25,51
50,42,159
50,34,51
50,34,102
50,34,102
50,34,102
50,42,102
50,34,51
50,42,102
50,34,51
50,34,102
50,34,102
50,42,102
50,25,51
50,42,159
50,34,51
50,34,102
50,34,102
50,42,102
50,34,51
50,34,102
50,42,102
50,25,51
50,42,159
50,34,51
50,42,102
50,25,51
50,42,159
50,34,51
50,34,102
50,42,102
50,34,51
50,34,102
50,42,102
50,34,51
50,34,102
50,42,102
50,25,51
50,42,159
50,34,51
50,34,102
50,42,102
50,25,51
50,42,159
50,34,51
50,34,102
50,42,102
50,34,51
50,34,102
50,34,102
50,42,102
50,34,51
50,34,102
50,34,102
50,42,102
50,25,51
50,42,159
50,34,51
50,42,102
50,25,51
50,42,159
50,34,51
50,34,102
50,34,102
50,42,102
50,34,51
50,34,102
50,34,102
50,42,102
50,25,51
50,42,159
50,34,51
50,34,102
50,42,102
50,34,51
50,34,102
50,34,102
50,42,102
50,25,51
50,42,159
50,34,51
50,42,102
50,25,51
50,42,159
50,34,51
50,34,102
50,34,102
50,34,102
50,34,102
50,42,102
50,34,51
50,34,102
50,34,102
50,42,102
50,25,51
50,42,159
50,34,51
50,42,102
50,34,51
50,34,102
50,34,102
50,42,102
50,25,51
50,42,159
50,34,51
50,34,102
50,34,102
50,34,102
50,42,102
50,34,51
50,34,102
50,34,102
50,42,102
50,34,51
50,34,102
50,34,102
50,42,102
50,34,51
50,34,102
50,42,102
50,25,51
50,42,159
50,34,51
50,34,102
50,34,102
50,34,102
50,42,102
50,34,51
50,42,102
50,25,51
50,51,159
50,34,1
50,25,102
50,42,159
50,34,51
50,34,102
50,42,102
50,34,51
50,34,102
50,34,102
50,34,102
50,42,102
50,25,51
50,42,159
50,34,51
50,42,102
50,25,51
50,42,159
50,34,51
50,42,102
50,34,51
50,34,102
50,34,102
50,42,102
50,25,51
50,42,159
50,34,51
50,34,102
50,42,102
50,34,51
50,34,102
50,42,102
50,34,51
50,34,102
50,42,102
50,25,51
50,42,159
50,34,51
50,34,102
50,34,102
50,34,102
50,34,102
50,42,102
50,25,51
50,42,159
50,34,51
50,34,102
50,34,102
50,42,102
50,25,51
50,42,159
50,34,51
50,34,102
50,42,102
50,34,51
50,34,102
50,42,102
50,25,51
50,42,159
50,34,51
50,34,102
50,42,102
50,34,51
50,34,102
50,42,102
50,25,51
50,34,159
50,42,102
50,34,51
50,34,102
50,34,102
50,42,102
50,25,51
50,42,159
50,34,51
50,42,102
50,25,51
50,42,159
50,34,51
50,42,102
50,34,51
50,34,102
90,42,102
90,60,254
90,77,191
90,60,82
90,60,191
90,68,191
90,68,140
90,68,140
90,60,140
90,68,191
90,68,140
90,60,140
90,68,191
90,60,140
90,77,191
90,51,82
90,77,248
90,51,82
90,68,248
90,60,140
90,77,191
90,51,82
90,77,248
90,60,82
90,60,191
90,77,191
90,60,82
90,68,191
90,60,140
90,68,191
90,68,140
90,60,140
90,68,191
90,68,140
90,60,140
90,68,191
90,68,140
90,68,140
90,60,140
90,68,191
90,60,140
90,68,191
90,60,140
90,77,191
90,51,82
90,68,248
90,68,140
90,60,140
90,68,191
90,68,140
90,60,140
90,68,191
90,60,140
90,77,191
90,51,82
90,77,248
90,68,82
90,60,140
90,60,191
90,77,191
90,60,82
90,60,191
90,77,191
90,51,82
90,68,248
90,68,140
90,68,140
90,60,140
90,68,191
90,60,140
90,68,191
90,60,140
90,68,191
90,68,140
90,68,140
90,51,140
90,77,248
90,60,82
90,68,191
90,60,140
90,77,191
90,51,82
90,77,248
90,60,82
90,60,191
90,77,191
90,51,82
90,68,248
90,68,140
90,60,140
90,68,191
90,68,140
90,60,140
90,68,191
90,60,140
90,77,191
90,60,82
90,60,191
90,68,191
90,68,140
90,51,140
90,85,248
90,51,31
90,68,248
90,60,140
90,77,191
90,60,82
90,68,191
90,60,140
90,68,191
90,60,140
90,68,191
90,68,140
90,60,140
90,68,191
90,68,140
90,60,140
90,68,191
90,68,140
90,60,140
90,68,191
90,68,140
90,68,140
90,60,140
90,68,191
90,68,140
90,60,140
90,68,191
90,68,140
90,60,140
90,68,191
90,60,140
90,68,191
90,60,140
90,68,191
90,60,140
90,68,191
90,60,140
90,68,191
90,60,140
90,68,191
90,68,140
90,60,140
90,68,191
90,68,140
90,60,140
90,68,191
90,68,140
90,60,140
90,68,191
90,68,140
90,60,140
90,68,191
90,68,140
90,60,140
90,68,191
90,60,140
90,68,191
90,60,140
90,77,191
90,51,82
90,68,248
90,68,140
90,60,140
90,60,191
90,77,191
90,51,82
90,77,248
90,60,82
90,68,191
90,60,140
90,68,191
90,68,140
90,60,140
90,68,191
90,68,140
90,68,140
90,60,140
90,68,191
90,68,140
90,60,140
90,68,191
90,68,140
90,60,140
90,68,191
90,60,140
90,68,191
90,60,140
90,77,191
90,51,82
90,68,248
90,68,140
90,68,140
90,60,140
90,68,191
90,60,140
90,68,191
90,60,140
90,77,191
90,60,82
90,68,191
90,68,140
90,60,140
90,68,191
90,68,140
90,60,140
90,68,191
90,60,140